spawns: 
  default: 
    world: world
    x: -203.5429356209957
    y: 70.0
    z: 45.51649654438683
    yaw: -49.57964
    pitch: 13.049789
